"RouteID","StationId","EstimateTime","Memo"
"113","4002","66",""
"113","4003","67",""
"113","4004","68",""
"113","4005","70",""
"113","4006","71",""
"113","4007","72",""
"113","4008","74",""
"113","4009","74",""
"113","4010","75",""
"113","4011","76",""
"113","4012","77",""
"113","4013","78",""
"113","4014","79",""
"113","4015","80",""
"113","4016","81",""
"113","4017","81",""
"113","4018","82",""
"113","4019","82",""
"113","4020","83",""
"113","4021","85",""
"113","4022","86",""
"113","4023","87",""
"113","4024","1",""
"113","4025","1",""
"113","4026","2",""
"113","4027","2",""
"113","4028","4",""
"113","4029","5",""
"113","4030","7",""
"113","4031","9",""
"113","38997","9",""
"113","4032","10",""
"113","4033","11",""
"113","4034","12",""
"113","4035","13",""
"113","4036","15",""
"113","4037","16",""
"113","4038","18",""
"113","4039","19",""
"113","4040","20",""
"113","4041","22",""
"113","4042","23",""
"113","4043","23",""
"113","4044","25",""
"113","4045","26",""
"113","4046","27",""
"113","4047","30",""
"113","39650","30",""
"113","4048","31",""
"113","4049","33",""
"113","4050","35",""
"113","4051","37",""
"113","4052","38",""
"113","4053","39",""
"113","4054","42",""
"113","4055","45",""
"113","4082","47",""
"113","4083","50",""
"113","4084","50",""
"113","4085","53",""
"113","4086","54",""
"113","4087","55",""
"113","4088","55",""
"113","4089","56",""
"113","4090","58",""
"113","4091","59",""
"113","4092","61",""
"113","4093","62",""
"113","4094","62",""
"113","4095","63",""
"113","4096","64",""
"113","4097","66",""
"113","4098","67",""
"113","4099","69",""
"113","4100","71",""
"113","4101","72",""
"113","4102","72",""
"113","4103","74",""
"113","4104","74",""
"113","38998","75",""
"113","4106","77",""
"113","4107","78",""
"113","4108","80",""
"113","4109","80",""
"113","4110","82",""
"113","4111","83",""
"113","4112","83",""
"113","4113","84",""
"113","4114","84",""
"113","4115","85",""
"113","4116","86",""
"113","4117","87",""
"113","4118","88",""
"113","4119","90",""
"113","4120","91",""
"113","4121","91",""
"113","4122","92",""
"113","4124","94",""
"113","4125","95",""
"113","4126","96",""
"113","4127","97",""
"113","4128","97",""
"113","4129","99",""
"113","4130","99",""
"113","4131","101",""
"113","4132","102",""
"113","4133","103",""
"113","4134","104",""
"113","4135","105",""
"131","41314","118",""
"131","0397","118",""
"131","0398","119",""
"131","0399","120",""
"131","0400","121",""
"131","0401","122",""
"131","0402","123",""
"131","0403","124",""
"131","42276","126",""
"131","0404","128",""
"131","0405","130",""
"131","0406","130",""
"131","0407","131",""
"131","0408","133",""
"131","0409","135",""
"131","0410","136",""
"131","0411","137",""
"131","0412","141",""
"131","0413","142",""
"131","0414","143",""
"131","0415","145",""
"131","0416","147",""
"131","0417","147",""
"131","0418","149",""
"131","0419","150",""
"131","0420","151",""
"131","42274","76",""
"131","0372","80",""
"131","0373","80",""
"131","0374","82",""
"131","0375","82",""
"131","0376","86",""
"131","0377","88",""
"131","0378","89",""
"131","0379","92",""
"131","0380","94",""
"131","0381","96",""
"131","0382","97",""
"131","0383","98",""
"131","0384","101",""
"131","0385","102",""
"131","0386","104",""
"131","0387","105",""
"131","0388","107",""
"131","42275","108",""
"131","0389","110",""
"131","0390","111",""
"131","0391","112",""
"131","0392","113",""
"131","0393","114",""
"131","0394","114",""
"131","0395","115",""
"131","41313","116",""
"131","0396","116",""
"141","6622","46",""
"141","6626","49",""
"141","6627","50",""
"141","6628","51",""
"141","6629","52",""
"141","6630","54",""
"141","6631","56",""
"141","6632","56",""
"141","6633","57",""
"141","6634","58",""
"141","6635","59",""
"141","6636","59",""
"141","6637","60",""
"141","6639","62",""
"141","0018","63",""
"141","6640","64",""
"141","6641","64",""
"141","6642","65",""
"141","6643","65",""
"141","6644","67",""
"141","6645","70",""
"141","6646","70",""
"141","6647","72",""
"141","6648","74",""
"141","6649","75",""
"141","6650","76",""
"141","6651","1",""
"141","6652","2",""
"141","0289","16",""
"141","6602","19",""
"141","6603","20",""
"141","6604","21",""
"141","6605","21",""
"141","6606","22",""
"141","0017","22",""
"141","6607","23",""
"141","6608","24",""
"141","6609","25",""
"141","6610","26",""
"141","6611","26",""
"141","6612","27",""
"141","6613","28",""
"141","6614","29",""
"141","6615","30",""
"141","6616","32",""
"141","6617","33",""
"141","6618","35",""
"141","6619","36",""
"141","6620","40",""
"141","6621","42",""
"211","1422","-1","未發車"
"211","1423","-1","未發車"
"211","1424","-1","未發車"
"211","1425","3",""
"211","1426","4",""
"211","1427","5",""
"211","1428","7",""
"211","1429","8",""
"211","1430","8",""
"211","1431","9",""
"211","1432","10",""
"211","1433","11",""
"211","1434","12",""
"211","1435","14",""
"211","1436","15",""
"211","1437","15",""
"211","1438","3",""
"211","1439","5",""
"211","1440","6",""
"211","1442","8",""
"211","1443","10",""
"211","1444","10",""
"211","1445","12",""
"211","1446","14",""
"211","1447","14",""
"211","1448","15",""
"211","1449","17",""
"211","1450","18",""
"211","1451","19",""
"211","1452","21",""
"211","1453","23",""
"211","1454","24",""
"211","1455","25",""
"211","1456","27",""
"211","1457","28",""
"211","1458","29",""
"211","1459","30",""
"211","1460","31",""
"211","1461","1",""
"211","1462","2",""
"211","1463","3",""
"211","1464","5",""
"211","1465","6",""
"211","1466","8",""
"211","1467","9",""
"211","1468","3",""
"211","1469","4",""
"211","1470","5",""
"211","1471","7",""
"211","1472","11",""
"211","1473","12",""
"211","1474","13",""
"211","1475","15",""
"211","1476","17",""
"211","1477","19",""
"211","1478","4",""
"211","1479","7",""
"211","1480","11",""
"211","50575","11",""
"211","50574","12",""
"211","1483","19",""
"211","1484","20",""
"211","1485","21",""
"211","1486","24",""
"211","1487","25",""
"211","1488","28",""
"211","1489","29",""
"211","1490","30",""
"211","1491","32",""
"211","1492","35",""
"211","1493","36",""
"211","1494","37",""
"211","1495","38",""
"211","1496","39",""
"211","1497","40",""
"211","1498","41",""
"211","1499","42",""
"211","1500","43",""
"211","1501","43",""
"211","1502","44",""
"211","39067","45",""
"211","1503","46",""
"211","1504","47",""
"211","1505","48",""
"211","1506","50",""
"211","1507","51",""
"211","1508","52",""
"211","1509","53",""
"211","1510","54",""
"211","1511","55",""
"211","1512","56",""
"211","1513","57",""
"211","1514","3",""
"211","1515","3",""
"211","1516","4",""
"211","1517","2",""
"211","1518","3",""
"211","1519","4",""
"211","1520","5",""
"211","1521","7",""
"211","1522","8",""
"211","1523","9",""
"211","1524","11",""
"211","1525","12",""
"211","1526","13",""
"211","1527","14",""
"211","1528","15",""
"211","1529","16",""
"211","1530","17",""
"211","1531","17",""
"211","1532","19",""
"211","1533","21",""
"211","1534","22",""
"211","1535","2",""
"211","1537","4",""
"211","1538","4",""
"5312","7451","-1","未發車"
"5312","7452","-1","未發車"
"5312","7453","-1","未發車"
"5312","7454","-1","未發車"
"5312","7455","-1","未發車"
"5312","7456","-1","未發車"
"5312","7457","-1","未發車"
"5312","7458","0",""
"5312","7459","2",""
"5312","7460","3",""
"5312","7461","4",""
"5312","7462","6",""
"5312","7463","1",""
"5312","7464","3",""
"5312","7465","4",""
"5312","7466","6",""
"5312","7467","7",""
"5312","7468","8",""
"5312","7469","10",""
"5312","7470","13",""
"5312","7471","15",""
"5312","7472","16",""
"5312","7473","18",""
"5312","7474","19",""
"5312","7475","2",""
"5312","7476","9",""
"5312","7477","11",""
"5312","7478","13",""
"5312","7479","14",""
"5312","7480","16",""
"5312","7481","17",""
"5312","7482","1",""
"5312","7483","2",""
"5312","7484","2",""
"5312","7485","3",""
"5312","7486","4",""
"5312","7487","5",""
"5230","2181","-1","未發車"
"5230","2182","-1","未發車"
"5230","3485","-1","未發車"
"5230","2183","-1","未發車"
"5230","2184","-1","未發車"
"5230","2185","-1","未發車"
"5230","2186","-1","未發車"
"5230","40510","-1","未發車"
"5230","2187","-1","未發車"
"5230","2188","-1","未發車"
"5230","2189","-1","未發車"
"5230","2190","-1","未發車"
"5230","2191","-1","未發車"
"5230","2192","-1","未發車"
"5230","2193","-1","未發車"
"5230","2194","-1","未發車"
"5230","2195","-1","未發車"
"5230","2196","-1","未發車"
"5230","2197","2",""
"5230","2198","3",""
"5230","2199","3",""
"5230","2200","4",""
"5230","2201","5",""
"5230","2202","8",""
"5230","2203","10",""
"5230","2204","12",""
"5230","2205","16",""
"5230","2206","19",""
"5230","2207","22",""
"5230","2208","24",""
"5230","2209","24",""
"5230","2210","25",""
"5230","2211","25",""
"5230","2212","26",""
"5230","2213","27",""
"5230","2214","29",""
"5230","2215","2",""
"5230","2216","3",""
"5230","2217","3",""
"5230","2218","5",""
"5230","2219","5",""
"5230","2220","7",""
"5230","2221","9",""
"5230","40511","10",""
"5230","2222","10",""
"5230","2223","11",""
"5230","2224","11",""
"5230","2225","13",""
"5230","2226","15",""
"5230","2227","16",""
"5230","3486","16",""
"226","10661","-1","未發車"
"226","10662","-1","未發車"
"226","10663","-1","未發車"
"226","10664","-1","未發車"
"226","10665","4",""
"226","10666","4",""
"226","10667","5",""
"226","10668","6",""
"226","10669","8",""
"226","10670","10",""
"226","10671","12",""
"226","10672","13",""
"226","10673","14",""
"226","10674","15",""
"226","10675","19",""
"226","10676","21",""
"226","10677","22",""
"226","41368","6",""
"226","41370","12",""
"226","10678","16",""
"226","10679","16",""
"226","10680","18",""
"226","10681","18",""
"226","10682","19",""
"226","10683","20",""
"226","10684","20",""
"226","10685","21",""
"226","10686","21",""
"226","10687","21",""
"226","10688","22",""
"226","10689","23",""
"226","10690","1",""
"226","10691","2",""
"226","10692","2",""
"226","10693","3",""
"226","10694","3",""
"226","10695","5",""
"226","10696","6",""
"226","10697","8",""
"226","10698","11",""
"226","10699","12",""
"226","10700","13",""
"226","10701","14",""
"226","10702","14",""
"226","10703","15",""
"226","10704","15",""
"226","10705","16",""
"226","10706","16",""
"226","10707","1",""
"226","10708","2",""
"226","10709","2",""
"226","10710","3",""
"226","10711","3",""
"226","10712","4",""
"226","10713","4",""
"226","10714","5",""
"226","10715","6",""
"226","10716","8",""
"226","41371","13",""
"226","41369","18",""
"226","10717","2",""
"226","10718","4",""
"226","10719","5",""
"226","10720","8",""
"226","10721","9",""
"226","10722","10",""
"226","10723","12",""
"226","10724","14",""
"226","10725","16",""
"226","10726","18",""
"226","10727","19",""
"226","10728","20",""
"226","10729","21",""
"226","10730","23",""
"226","10731","2",""
"226","10732","3",""
"190","14871","47",""
"190","14872","50",""
"190","14873","51",""
"190","14874","55",""
"190","14875","56",""
"190","14876","57",""
"190","14877","58",""
"190","14878","58",""
"190","14879","59",""
"190","14880","60",""
"190","14881","62",""
"190","14882","63",""
"190","14883","1",""
"190","4553","1",""
"190","14884","2",""
"190","14885","2",""
"190","14886","3",""
"190","14887","4",""
"190","14888","5",""
"190","14889","5",""
"190","14890","6",""
"190","14891","6",""
"190","14892","7",""
"190","14893","8",""
"190","14894","8",""
"190","14895","9",""
"190","14896","11",""
"190","14897","11",""
"190","14898","12",""
"190","14899","12",""
"190","14900","14",""
"190","1549","1",""
"190","14901","1",""
"190","14902","2",""
"190","14903","5",""
"190","14904","5",""
"190","14905","5",""
"190","14906","6",""
"190","14907","6",""
"190","14908","7",""
"190","1550","7",""
"190","14909","8",""
"190","14910","8",""
"190","14911","9",""
"190","14912","9",""
"190","14913","9",""
"190","14914","10",""
"190","14915","11",""
"190","14916","12",""
"190","14917","12",""
"190","14918","13",""
"190","14919","13",""
"190","14920","14",""
"190","14921","16",""
"190","14922","17",""
"190","14923","17",""
"190","14924","19",""
"190","14925","19",""
"190","0015","20",""
"190","14926","21",""
"190","14927","21",""
"190","14928","22",""
"190","14929","22",""
"190","14930","23",""
"190","14931","19",""
"190","14932","23",""
"190","14933","24",""
"190","14934","25",""
"190","14935","26",""
"190","14936","26",""
"190","0016","27",""
"190","14937","2",""
"190","14938","3",""
"190","14939","4",""
"190","14940","6",""
"190","14941","7",""
"190","14942","8",""
"190","14943","9",""
"190","14944","10",""
"190","14945","11",""
"190","14946","11",""
"190","14947","12",""
"190","14948","12",""
"190","14949","13",""
"190","14950","13",""
"190","14951","14",""
"190","14952","14",""
"190","1551","15",""
"190","14953","15",""
"190","14954","15",""
"190","14955","16",""
"190","14956","17",""
"190","14957","17",""
"190","14958","17",""
"190","14959","21",""
"190","14960","23",""
"190","1552","23",""
"190","14961","24",""
"190","14962","25",""
"190","14963","26",""
"190","14964","26",""
"190","14965","26",""
"190","14966","28",""
"190","14967","28",""
"190","14968","29",""
"190","14969","30",""
"190","14970","30",""
"190","14971","31",""
"190","14972","31",""
"190","14973","32",""
"190","14974","32",""
"190","14975","33",""
"190","14976","34",""
"190","14977","35",""
"190","4554","35",""
"190","14978","36",""
"190","14979","37",""
"190","14980","2",""
"190","14981","3",""
"190","14982","4",""
"190","14983","5",""
"190","14984","6",""
"190","14985","6",""
"190","14986","7",""
"190","14987","8",""
"190","14988","11",""
"190","14990","14",""
"190","41257","17",""
"5243","16465","98",""
"5243","16466","98",""
"5243","16467","99",""
"5243","39468","99",""
"5243","16468","100",""
"5243","16469","101",""
"5243","16470","101",""
"5243","16471","102",""
"5243","16472","102",""
"5243","16473","104",""
"5243","16474","104",""
"5243","41293","105",""
"5243","16475","105",""
"5243","16476","106",""
"5243","16477","106",""
"5243","16478","106",""
"5243","16479","107",""
"5243","16480","108",""
"5243","2242","109",""
"5243","2243","110",""
"5243","16481","1",""
"5243","16482","2",""
"5243","16483","2",""
"5243","16484","3",""
"5243","16485","4",""
"5243","16486","4",""
"5243","16487","5",""
"5243","16488","6",""
"5243","16489","7",""
"5243","16490","8",""
"5243","16491","9",""
"5243","16492","9",""
"5243","16493","10",""
"5243","16494","11",""
"5243","16495","11",""
"5243","16496","12",""
"5243","16497","14",""
"5243","16498","16",""
"5243","16431","66",""
"5243","16432","67",""
"5243","16433","70",""
"5243","16434","71",""
"5243","16435","72",""
"5243","16436","73",""
"5243","16437","73",""
"5243","16438","74",""
"5243","16439","74",""
"5243","16440","75",""
"5243","16441","76",""
"5243","16442","76",""
"5243","16443","77",""
"5243","16444","78",""
"5243","16445","79",""
"5243","16446","80",""
"5243","16447","81",""
"5243","2178","82",""
"5243","2179","83",""
"5243","16448","85",""
"5243","16449","86",""
"5243","16450","86",""
"5243","16451","87",""
"5243","16452","87",""
"5243","16453","88",""
"5243","41292","88",""
"5243","16454","88",""
"5243","16455","89",""
"5243","16456","91",""
"5243","16457","92",""
"5243","16458","92",""
"5243","16459","92",""
"5243","16460","93",""
"5243","39467","94",""
"5243","16461","94",""
"5243","16462","95",""
"5243","16463","95",""
"5243","16464","96",""
"5239","15791","51",""
"5239","15792","53",""
"5239","15793","56",""
"5239","0047","57",""
"5239","15794","58",""
"5239","15795","58",""
"5239","15796","59",""
"5239","15797","61",""
"5239","15798","61",""
"5239","0048","62",""
"5239","15799","62",""
"5239","15800","63",""
"5239","15801","65",""
"5239","15802","66",""
"5239","15803","67",""
"5239","15804","68",""
"5239","15805","69",""
"5239","15806","70",""
"5239","15807","72",""
"5239","15808","72",""
"5239","15809","73",""
"5239","15810","73",""
"5239","15811","74",""
"5239","15812","76",""
"5239","15813","76",""
"5239","1936","77",""
"5239","15814","78",""
"5239","15815","78",""
"5239","15816","79",""
"5239","15817","79",""
"5239","15818","80",""
"5239","15819","82",""
"5239","15820","82",""
"5239","15821","83",""
"5239","15822","83",""
"5239","15823","84",""
"5239","15824","85",""
"5239","15825","86",""
"5239","15826","87",""
"5239","15827","87",""
"5239","15828","88",""
"5239","15829","89",""
"5239","15830","89",""
"5239","15831","90",""
"5239","15832","90",""
"5239","15833","91",""
"5239","15834","93",""
"5239","15835","94",""
"5239","15836","95",""
"5239","15837","95",""
"5239","15838","96",""
"5239","1937","96",""
"5239","15839","96",""
"5239","15840","98",""
"5239","15841","98",""
"5239","15842","99",""
"5239","15843","100",""
"5239","15844","100",""
"5239","15845","101",""
"5239","15846","102",""
"5239","15847","104",""
"5239","15848","105",""
"5239","15849","106",""
"5239","15850","107",""
"5239","15851","108",""
"5239","15852","109",""
"5239","15853","111",""
"5239","0049","111",""
"5239","15854","112",""
"5239","15855","112",""
"5239","15856","113",""
"5239","15857","114",""
"5239","15858","116",""
"5239","0050","117",""
"5239","15859","118",""
"5239","15860","121",""
"5239","15861","122",""
"5239","15862","124",""
"1020","24871","253",""
"1020","24872","253",""
"1020","24873","-1","未發車"
"1020","24874","-1","未發車"
"8031","26171","254",""
"8031","26172","254",""
"8031","26173","254",""
"8031","26174","254",""
"8031","26175","254",""
"8031","26176","254",""
"8031","26177","254",""
"8031","26178","254",""
"8031","26179","254",""
"8031","26180","254",""
"8031","26181","254",""
"8031","26184","254",""
"8031","26183","254",""
"8031","26185","254",""
"8031","26187","254",""
"8031","26190","254",""
"8031","26191","254",""
"8031","26192","254",""
"8031","26193","254",""
"8031","26194","254",""
"8031","26195","254",""
"8031","26196","254",""
"8031","26197","254",""
"8031","26198","254",""
"8031","26199","254",""
"8031","26200","254",""
"8031","26201","254",""
"8031","26202","254",""
"8031","26203","-1","未發車"
"2035","27511","37",""
"2035","27512","39",""
"2035","27513","45",""
"2035","27514","47",""
"2035","27515","55",""
"2035","27516","3",""
"1040","29781","56",""
"1040","29782","56",""
"1040","29783","57",""
"1040","29784","57",""
"1040","29785","58",""
"1040","29786","58",""
"1040","29787","59",""
"1075","32022","67",""
"1075","32023","69",""
"1075","32024","72",""
"1075","32025","74",""
"1075","32026","75",""
"1075","32027","77",""
"1075","32028","78",""
"1075","32029","78",""
"1075","32030","80",""
"1075","32031","83",""
"1075","32032","84",""
"1075","32033","84",""
"1075","32034","84",""
"1075","32035","85",""
"1075","32036","86",""
"1075","32037","86",""
"1075","32038","89",""
"1075","32039","93",""
"1075","32040","96",""
"1075","32041","96",""
"1075","41054","97",""
"1075","41053","98",""
"1075","32042","101",""
"1075","41055","102",""
"1075","32043","103",""
"1075","32044","104",""
"1075","32045","106",""
"1075","32046","109",""
"1075","32047","109",""
"1075","32048","111",""
"1075","32049","1",""
"1075","32050","2",""
"1075","32051","3",""
"1075","32052","4",""
"1075","32053","4",""
"1075","32054","5",""
"1075","32055","5",""
"1075","32056","6",""
"1075","41684","6",""
"1075","41685","7",""
"1075","41686","8",""
"1075","32059","13",""
"1075","32060","14",""
"1075","32061","15",""
"1075","32062","15",""
"1075","32063","16",""
"1075","32064","16",""
"1075","32065","17",""
"1075","32066","20",""
"1075","32067","21",""
"1075","32068","22",""
"1075","32069","23",""
"1075","32070","24",""
"1075","32071","25",""
"1075","32072","27",""
"1075","32073","29",""
"1075","32074","30",""
"1075","32075","32",""
"2008","22641","37",""
"2008","22642","38",""
"2008","22643","39",""
"2008","22644","40",""
"2008","22645","41",""
"2008","22646","41",""
"2008","22647","42",""
"2008","22648","43",""
"2008","22649","44",""
"2008","22650","45",""
"2008","22651","45",""
"2008","22652","46",""
"2008","22653","47",""
"2008","22654","49",""
"2008","22655","49",""
"2008","22656","50",""
"2008","22657","51",""
"2008","22658","51",""
"2008","22659","53",""
"2008","22660","54",""
"2008","22661","55",""
"2008","22662","56",""
"2008","22663","56",""
"2008","22664","57",""
"2008","22665","58",""
"2008","22666","59",""
"2008","22667","64",""
"2008","22668","65",""
"2008","22669","66",""
"2008","22670","67",""
"2008","22671","68",""
"2008","22672","68",""
"2008","22673","69",""
"2008","22674","70",""
"2008","22675","72",""
"2008","22676","73",""
"2008","22677","74",""
"2008","22678","76",""
"2008","22679","77",""
"2008","22680","77",""
"2008","22681","78",""
"2008","22682","79",""
"2008","22683","80",""
"2008","22684","81",""
"2008","22685","82",""
"2008","22686","83",""
"2008","22687","83",""
"2008","22688","85",""
"2008","22689","85",""
"2008","22690","85",""
"2008","22691","86",""
"2008","22692","87",""
"2008","22693","87",""
"9014","27821","6",""
"9014","27822","6",""
"9014","27823","7",""
"9014","27824","9",""
"9014","27825","10",""
"9014","27826","12",""
"9014","27827","13",""
"9014","27828","14",""
"9014","27829","18",""
"9014","27830","20",""
"9014","27831","21",""
"9014","27832","22",""
"9014","27833","23",""
"9014","27834","24",""
"9014","27835","25",""
"9014","27836","1",""
"9014","27837","2",""
"9014","27838","3",""
"9014","27839","4",""
"9014","27840","5",""
"9014","27841","6",""
"9014","27842","7",""
"9020","28011","46",""
"9020","28012","52",""
"9020","28013","55",""
"9020","28014","57",""
"9020","28015","58",""
"9020","28016","59",""
"9020","28017","65",""
"9020","28018","66",""
"9020","28019","71",""
"9020","28020","71",""
"9020","28021","74",""
"9020","28022","75",""
"9020","28023","76",""
"9020","28024","77",""
"9020","28025","77",""
"9020","28026","79",""
"9020","28027","79",""
"9020","28028","83",""
"9020","28029","83",""
"803","11954","-1","未發車"
"803","11955","-1","未發車"
"803","11956","-1","未發車"
"803","11957","-1","未發車"
"803","11958","-1","未發車"
"803","11959","-1","未發車"
"803","1153","-1","未發車"
"803","11960","-1","未發車"
"803","11961","-1","未發車"
"803","11962","-1","未發車"
"803","11963","-1","未發車"
"803","11964","1",""
"803","11965","2",""
"803","11966","3",""
"803","11967","4",""
"803","11968","5",""
"803","11969","6",""
"803","11970","7",""
"803","11971","8",""
"803","11972","9",""
"803","11973","10",""
"803","11974","2",""
"803","11975","3",""
"803","11976","4",""
"803","11977","5",""
"803","11978","5",""
"803","11979","9",""
"803","11980","10",""
"803","11981","11",""
"803","11982","13",""
"803","11983","13",""
"803","11984","14",""
"803","11985","15",""
"803","11986","16",""
"803","11987","17",""
"803","11988","19",""
"803","11989","20",""
"803","11990","21",""
"803","11991","23",""
"803","11992","24",""
"803","11993","24",""
"5663","21555","107",""
"5663","21556","107",""
"5663","21557","108",""
"5663","21558","108",""
"5663","21559","109",""
"5663","21560","109",""
"5663","21561","110",""
"5663","21562","111",""
"5663","21563","112",""
"5663","21564","113",""
"5663","21565","116",""
"5663","21566","119",""
"5663","21567","120",""
"5663","21568","120",""
"5663","21569","121",""
"5663","21570","124",""
"5663","21571","125",""
"5663","21572","126",""
"5663","21573","128",""
"5663","21574","2",""
"5663","21578","3",""
"5663","21579","3",""
"5663","21580","4",""
"5663","21581","4",""
"5663","21582","6",""
"5663","21583","8",""
"5663","21584","11",""
"5663","21585","11",""
"5663","21586","12",""
"5663","21587","12",""
"5663","21588","14",""
"5663","21589","15",""
"5663","21590","16",""
"5663","21591","19",""
"5663","21592","21",""
"5663","21593","23",""
"5663","21594","23",""
"5663","21595","24",""
"5663","40541","25",""
"5663","21596","26",""
"5663","21597","27",""
"5663","21598","30",""
"5663","21599","30",""
"5663","21600","31",""
"5663","21601","31",""
"5663","21602","32",""
"5663","21603","32",""
"5663","21604","33",""
"5663","21605","36",""
"5663","21606","42",""
"5663","21607","43",""
"5663","21608","46",""
"5663","21609","50",""
"5663","21610","52",""
"5663","21611","53",""
"5663","21612","55",""
"5663","21613","56",""
"5663","21614","57",""
"5663","21615","58",""
"5663","21616","59",""
"5663","21617","60",""
"5663","21494","31",""
"5663","21495","32",""
"5663","21496","33",""
"5663","21497","35",""
"5663","21498","36",""
"5663","21499","37",""
"5663","21500","38",""
"5663","21501","44",""
"5663","21502","44",""
"5663","21503","50",""
"5663","21504","51",""
"5663","21505","51",""
"5663","21506","52",""
"5663","21507","52",""
"5663","21508","53",""
"5663","21509","53",""
"5663","21510","54",""
"5663","21511","54",""
"5663","40540","55",""
"5663","21512","56",""
"5663","21513","57",""
"5663","21514","58",""
"5663","21515","59",""
"5663","21516","59",""
"5663","21517","61",""
"5663","21518","62",""
"5663","21519","62",""
"5663","21520","63",""
"5663","21521","65",""
"5663","21522","65",""
"5663","21523","66",""
"5663","21524","67",""
"5663","21525","67",""
"5663","21526","68",""
"5663","21527","68",""
"5663","21528","71",""
"5663","21529","72",""
"5663","39619","73",""
"5663","21530","73",""
"5663","21531","74",""
"5663","21535","74",""
"5663","21536","75",""
"5663","21537","75",""
"5663","21538","76",""
"5663","21539","76",""
"5663","21540","77",""
"5663","21541","77",""
"5663","21542","78",""
"5663","21543","78",""
"5663","21544","79",""
"5663","21545","80",""
"5663","21546","80",""
"5663","21547","80",""
"5663","21548","81",""
"5663","21549","81",""
"5663","21550","81",""
"5663","21551","83",""
"5663","21552","83",""
"5663","21553","83",""
"5663","21554","84",""
"127","12451","7",""
"127","12452","8",""
"127","12453","9",""
"127","12454","10",""
"127","12455","12",""
"127","12456","12",""
"127","12457","13",""
"127","12458","14",""
"127","12459","15",""
"127","12460","16",""
"127","12461","17",""
"127","12462","18",""
"127","12463","19",""
"127","12464","20",""
"127","12465","21",""
"127","12466","22",""
"127","12467","22",""
"127","12468","23",""
"127","12469","24",""
"127","12470","25",""
"127","12471","28",""
"127","12472","28",""
"127","12473","29",""
"127","12474","2",""
"127","12475","3",""
"127","12476","3",""
"127","12477","4",""
"127","12478","5",""
"127","12479","5",""
"127","12480","6",""
"127","12481","7",""
"127","12482","8",""
"127","12483","8",""
"127","12484","9",""
"127","12485","9",""
"127","12486","10",""
"127","12487","10",""
"127","12488","11",""
"127","12489","12",""
"127","12490","13",""
"127","12491","13",""
"127","12492","13",""
"127","12493","14",""
"127","12494","15",""
"127","12495","15",""
"127","12496","2",""
"127","12497","2",""
"127","12498","3",""
"127","12499","3",""
"127","12500","4",""
"127","12501","4",""
"127","12502","6",""
"127","12503","7",""
"127","12504","9",""
"127","12505","10",""
"127","12506","11",""
"127","12507","11",""
"127","12508","12",""
"127","12509","13",""
"127","12510","13",""
"127","12511","13",""
"127","12512","14",""
"127","12513","14",""
"127","12514","15",""
"127","12515","15",""
"127","12516","16",""
"127","12517","16",""
"127","12518","17",""
"127","12519","18",""
"127","12520","18",""
"127","12521","19",""
"127","12522","19",""
"127","12523","20",""
"127","12524","20",""
"127","12525","21",""
"127","12526","21",""
"127","12527","22",""
"127","12528","22",""
"127","12529","23",""
"127","12530","24",""
"127","12531","24",""
"127","12532","25",""
"127","12533","26",""
"127","12534","27",""
"127","12535","27",""
"127","12536","29",""
"127","12537","30",""
"128","19482","7",""
"128","19483","7",""
"128","19484","9",""
"128","19485","10",""
"128","19486","11",""
"128","19487","11",""
"128","19488","12",""
"128","19489","13",""
"128","19490","14",""
"128","19491","14",""
"128","19492","16",""
"128","19493","16",""
"128","19494","17",""
"128","19495","18",""
"128","19496","18",""
"128","19497","19",""
"128","19498","20",""
"128","19499","21",""
"128","19500","21",""
"128","19501","22",""
"128","19502","23",""
"128","19503","23",""
"128","19504","23",""
"128","19505","25",""
"128","19506","25",""
"128","19507","26",""
"128","19508","27",""
"128","19509","28",""
"128","19510","28",""
"128","19511","28",""
"128","19512","29",""
"128","19513","30",""
"128","19514","30",""
"128","19515","31",""
"128","19516","31",""
"128","19517","32",""
"128","19518","32",""
"128","19519","33",""
"128","19520","33",""
"128","19521","34",""
"128","19522","34",""
"128","19523","35",""
"128","19524","35",""
"128","19525","36",""
"128","19526","37",""
"128","19527","37",""
"128","19528","38",""
"128","19529","39",""
"128","19530","39",""
"128","19531","40",""
"128","19532","40",""
"128","19533","41",""
"128","19534","43",""
"128","19535","44",""
"128","19536","45",""
"128","19537","46",""
"128","19538","46",""
"128","19539","46",""
"128","19540","47",""
"128","19541","47",""
"128","19542","48",""
"128","19543","48",""
"128","19544","49",""
"128","19545","49",""
"128","19546","50",""
"128","19547","50",""
"128","19548","51",""
"128","19549","51",""
"128","19550","52",""
"482","32406","-1","未發車"
"482","32407","-1","未發車"
"482","32408","-1","未發車"
"482","32409","-1","未發車"
"482","32410","-1","未發車"
"482","32411","-1","未發車"
"482","32412","-1","未發車"
"482","32413","-1","未發車"
"482","32414","-1","未發車"
"482","32415","-1","未發車"
"482","32416","-1","未發車"
"482","32417","-1","未發車"
"482","32418","-1","未發車"
"482","32419","-1","未發車"
"482","32420","-1","未發車"
"482","32421","-1","未發車"
"482","32422","-1","未發車"
"482","32423","-1","未發車"
"482","32424","-1","未發車"
"482","32425","1",""
"482","32426","2",""
"482","32427","3",""
"482","32428","5",""
"482","32429","6",""
"482","32430","9",""
"482","32431","9",""
"482","32432","10",""
"482","32433","11",""
"482","32434","12",""
"482","32435","13",""
"482","32436","14",""
"482","32437","17",""
"482","32438","19",""
"482","32439","26",""
"482","32440","5",""
"482","32441","7",""
"482","32442","10",""
"482","32443","13",""
"482","32444","15",""
"482","32445","18",""
"482","32446","19",""
"482","32447","20",""
"482","32448","22",""
"482","32449","24",""
"482","32450","27",""
"482","32451","31",""
"482","32452","32",""
"482","32453","32",""
"482","32454","34",""
"482","32455","35",""
"482","1160","38",""
"482","32456","39",""
"482","32457","5",""
"482","32458","7",""
"482","32459","10",""
"482","32460","13",""
"482","32461","16",""
"482","32462","18",""
"482","32463","22",""
"482","32464","24",""
"482","32465","25",""
"482","32466","25",""
"482","32467","26",""
"482","32468","27",""
"482","32469","1",""
"482","32470","2",""
"482","32471","4",""
"482","32472","5",""
"482","32473","6",""
"482","32474","7",""
"482","32475","8",""
"482","32476","9",""
"482","32477","10",""
"482","32478","11",""
"482","32479","12",""
"482","32480","13",""
"482","32481","13",""
"482","32482","14",""
"482","32483","14",""
"482","32484","16",""
"482","32485","17",""
"482","32486","17",""
"482","32487","18",""
"482","32488","21",""
"482","32489","21",""
"482","32490","22",""
"482","32491","23",""
"482","32492","23",""
"482","32493","24",""
"482","32494","25",""
"482","32495","26",""
"5209","0176","250",""
"5209","0177","250",""
"5209","0179","250",""
"5209","40520","250",""
"5209","0180","250",""
"5209","0181","250",""
"5209","0182","250",""
"5209","0183","250",""
"5209","0184","250",""
"5209","0185","250",""
"5209","0186","250",""
"5209","0187","250",""
"5209","0188","250",""
"5209","0189","250",""
"5209","0191","250",""
"5209","0533","250",""
"5209","0192","250",""
"5209","0193","250",""
"5209","0194","250",""
"5209","0195","250",""
"5209","0196","250",""
"5209","0197","250",""
"5209","0198","250",""
"5209","0199","250",""
"5209","0200","250",""
"157","33126","27",""
"157","33127","29",""
"157","33128","30",""
"157","33129","32",""
"157","33130","2",""
"157","33131","4",""
"157","33132","7",""
"157","33133","9",""
"157","33134","11",""
"157","33135","4",""
"157","33136","4",""
"157","2249","5",""
"157","33137","6",""
"157","33138","7",""
"157","33139","9",""
"157","33140","12",""
"157","33141","15",""
"157","33142","1",""
"157","33143","5",""
"157","33144","6",""
"157","33145","10",""
"157","33146","11",""
"157","33147","12",""
"157","33148","13",""
"157","33149","15",""
"157","33150","16",""
"157","33151","2",""
"157","33152","5",""
"157","33153","6",""
"157","33154","8",""
"157","33155","9",""
"157","33156","10",""
"157","33157","12",""
"157","33158","2",""
"157","33159","4",""
"157","33160","6",""
"157","33161","6",""
"157","33162","7",""
"157","33163","8",""
"157","33164","9",""
"157","33165","9",""
"157","33087","-1","未發車"
"157","33088","-1","未發車"
"157","33089","-1","未發車"
"157","33090","-1","未發車"
"157","33091","-1","未發車"
"157","33092","-1","未發車"
"157","33093","-1","未發車"
"157","33094","-1","未發車"
"157","33095","-1","未發車"
"157","33096","-1","未發車"
"157","33097","-1","未發車"
"157","33098","2",""
"157","33099","3",""
"157","33100","5",""
"157","33101","8",""
"157","39649","8",""
"157","33102","9",""
"157","33103","10",""
"157","33104","13",""
"157","33105","13",""
"157","33106","14",""
"157","33107","3",""
"157","33108","7",""
"157","33109","9",""
"157","33110","12",""
"157","33111","14",""
"157","33112","2",""
"157","33113","4",""
"157","33114","6",""
"157","33115","7",""
"157","33116","8",""
"157","33117","9",""
"157","33118","10",""
"157","33119","14",""
"157","33120","15",""
"157","33121","17",""
"157","33122","19",""
"157","33123","21",""
"157","33124","22",""
"157","33125","25",""
"5410","33502","48",""
"5410","33503","50",""
"5410","33504","52",""
"5410","33505","53",""
"5410","33506","57",""
"5410","33507","59",""
"5410","33508","61",""
"5410","33509","62",""
"5410","33510","63",""
"5410","33511","64",""
"5410","33512","65",""
"5410","33515","67",""
"5410","33516","68",""
"5410","33517","69",""
"5410","33518","70",""
"5410","33519","71",""
"5410","55859","72",""
"5410","33520","73",""
"5410","33521","75",""
"5410","33522","75",""
"5410","33523","75",""
"5410","33524","76",""
"5410","33525","77",""
"5410","33526","78",""
"5410","33527","79",""
"5410","38979","79",""
"5410","1385","79",""
"5410","1386","80",""
"5410","1387","80",""
"5410","1388","81",""
"5410","1389","2",""
"5410","1390","2",""
"5410","1391","2",""
"5410","1394","3",""
"5410","1395","4",""
"5410","1396","5",""
"5410","1397","6",""
"5410","1398","6",""
"5410","1399","7",""
"5410","38982","8",""
"5410","33528","8",""
"5410","38977","8",""
"5410","33529","8",""
"5410","33530","9",""
"5410","33531","10",""
"5410","33532","10",""
"5410","33533","12",""
"5410","33534","12",""
"5410","33535","13",""
"5410","33536","14",""
"5410","33537","15",""
"5410","33538","16",""
"5410","33539","17",""
"5410","33540","20",""
"5410","33541","20",""
"5410","33542","23",""
"5410","33543","24",""
"5410","33544","26",""
"5410","33545","27",""
"5410","33546","28",""
"5410","33547","30",""
"5410","33455","58",""
"5410","33456","58",""
"5410","33457","61",""
"5410","33458","61",""
"5410","33459","62",""
"5410","33460","63",""
"5410","33461","65",""
"5410","33462","66",""
"5410","33463","68",""
"5410","33464","70",""
"5410","33465","1",""
"5410","33466","4",""
"5410","33467","4",""
"5410","33468","5",""
"5410","33469","5",""
"5410","33470","5",""
"5410","33471","6",""
"5410","33472","7",""
"5410","33473","8",""
"5410","33474","9",""
"5410","38976","9",""
"5410","33475","10",""
"5410","1372","10",""
"5410","1373","10",""
"5410","1374","11",""
"5410","1375","13",""
"5410","1376","13",""
"5410","1377","13",""
"5410","1378","13",""
"5410","1379","14",""
"5410","1380","15",""
"5410","1381","16",""
"5410","1382","16",""
"5410","1383","17",""
"5410","38981","17",""
"5410","1384","18",""
"5410","38978","18",""
"5410","33476","19",""
"5410","33477","19",""
"5410","33478","20",""
"5410","33479","21",""
"5410","33480","22",""
"5410","33481","22",""
"5410","33482","23",""
"5410","33483","23",""
"5410","55858","24",""
"5410","33484","25",""
"5410","33485","26",""
"5410","33486","27",""
"5410","33487","27",""
"5410","33488","29",""
"5410","33489","30",""
"5410","33491","31",""
"5410","33492","32",""
"5410","33493","33",""
"5410","33494","34",""
"5410","33495","35",""
"5410","33496","37",""
"5410","33497","39",""
"5410","33498","43",""
"5410","33499","44",""
"5410","33500","45",""
"5410","33501","46",""
"5215","33559","7",""
"5215","33560","7",""
"5215","33561","8",""
"5215","33562","8",""
"5215","33563","9",""
"5215","33564","10",""
"5215","33565","11",""
"5215","33566","12",""
"5215","33567","16",""
"5215","34431","17",""
"5215","33568","20",""
"5215","33569","22",""
"5215","33570","23",""
"5215","33571","25",""
"5215","33572","25",""
"5215","33573","26",""
"5215","33574","27",""
"5215","33575","28",""
"5215","33576","30",""
"5215","33577","30",""
"5215","33578","31",""
"5215","33579","32",""
"5215","33580","32",""
"5215","33581","33",""
"5215","34432","35",""
"5215","33582","37",""
"5215","33583","37",""
"5215","3566","38",""
"5215","33584","39",""
"5215","33585","39",""
"5215","45948","40",""
"5215","33586","41",""
"5215","33587","43",""
"5215","33588","47",""
"5215","33589","48",""
"5215","33590","49",""
"5215","33591","49",""
"5215","33592","51",""
"5215","33593","52",""
"5215","33594","55",""
"5215","33595","56",""
"5215","33596","57",""
"5215","33597","58",""
"5215","33598","58",""
"5215","33599","61",""
"5215","33600","62",""
"5215","33601","63",""
"5215","33602","67",""
"5215","33603","67",""
"5215","33604","69",""
"5215","33605","71",""
"5215","33606","72",""
"5215","33607","73",""
"5215","33608","74",""
"5215","33609","75",""
"5215","34433","81",""
"5215","45949","81",""
"5215","34434","82",""
"5215","34435","83",""
"5215","3567","84",""
"5215","34436","85",""
"5215","33610","86",""
"5215","34437","89",""
"5215","34438","90",""
"5215","34439","91",""
"5215","34440","91",""
"5215","34441","92",""
"5215","34442","94",""
"5215","34443","94",""
"5215","34444","95",""
"5215","34445","96",""
"5215","34446","97",""
"5215","34447","98",""
"5215","33611","99",""
"5215","33612","104",""
"5215","33613","105",""
"5215","33614","108",""
"5215","33615","110",""
"5215","33616","110",""
"5215","33617","111",""
"5215","33618","112",""
"5215","33619","112",""
"5215","33620","113",""
"5215","33621","113",""
"485","33783","10",""
"485","33784","12",""
"485","33785","13",""
"485","33787","14",""
"485","33788","15",""
"485","33789","16",""
"485","33790","18",""
"485","33791","21",""
"485","33793","24",""
"485","33794","25",""
"485","33796","28",""
"485","33797","30",""
"485","33798","32",""
"485","33799","33",""
"485","33800","35",""
"485","33801","36",""
"485","33802","2",""
"485","33803","3",""
"485","33804","4",""
"485","33805","5",""
"485","33806","6",""
"485","33807","7",""
"485","33808","9",""
"485","33809","9",""
"485","33810","10",""
"485","33811","11",""
"485","33812","12",""
"485","33813","13",""
"485","33814","14",""
"485","33815","15",""
"485","3659","16",""
"485","33816","17",""
"485","33817","21",""
"485","33818","26",""
"485","33819","27",""
"485","33820","28",""
"485","1855","31",""
"485","33821","33",""
"485","33822","34",""
"485","33823","34",""
"485","33824","36",""
"485","33825","37",""
"485","33826","3",""
"485","33827","3",""
"485","33828","5",""
"485","1856","6",""
"485","33829","7",""
"485","33830","8",""
"485","33831","9",""
"485","33832","9",""
"485","33833","10",""
"485","33834","12",""
"485","33835","13",""
"485","33836","15",""
"485","33837","17",""
"485","33838","18",""
"485","33839","20",""
"485","33840","20",""
"485","33841","21",""
"485","33722","-1","未發車"
"485","33723","-1","未發車"
"485","33724","-1","未發車"
"485","33725","-1","未發車"
"485","33726","-1","未發車"
"485","33727","-1","未發車"
"485","33728","-1","未發車"
"485","33729","-1","未發車"
"485","33730","-1","未發車"
"485","33731","-1","未發車"
"485","33732","-1","未發車"
"485","33733","-1","未發車"
"485","1854","-1","未發車"
"485","33734","-1","未發車"
"485","33735","-1","未發車"
"485","33736","-1","未發車"
"485","33737","-1","未發車"
"485","33738","1",""
"485","33739","3",""
"485","33740","4",""
"485","33741","4",""
"485","33742","5",""
"485","33743","6",""
"485","33744","9",""
"485","33745","10",""
"485","33746","12",""
"485","33747","12",""
"485","33748","17",""
"485","3658","17",""
"485","33749","19",""
"485","33750","20",""
"485","33751","21",""
"485","33752","22",""
"485","33753","23",""
"485","33754","25",""
"485","33755","25",""
"485","33756","27",""
"485","33757","28",""
"485","33758","29",""
"485","33759","2",""
"485","33760","2",""
"485","33761","3",""
"485","33762","5",""
"485","33763","6",""
"485","33764","9",""
"485","33765","11",""
"485","33766","13",""
"485","33767","14",""
"485","33768","15",""
"485","33770","17",""
"485","33771","19",""
"485","33773","25",""
"485","33774","28",""
"485","33775","31",""
"485","33776","31",""
"485","2248","2",""
"485","33777","3",""
"485","33778","4",""
"485","33779","5",""
"485","33780","5",""
"485","33781","6",""
"485","33782","8",""
"436","39386","-1","未發車"
"436","39388","-1","未發車"
"436","39390","-1","未發車"
"436","33250","-1","未發車"
"436","33251","-1","未發車"
"436","33252","-1","未發車"
"436","33253","2",""
"436","33254","3",""
"436","33255","5",""
"436","33256","7",""
"436","33257","9",""
"436","33258","9",""
"436","33259","12",""
"436","33260","15",""
"436","33261","16",""
"436","33262","17",""
"436","33263","18",""
"436","33264","2",""
"436","33265","3",""
"436","33266","4",""
"436","33267","5",""
"436","33268","6",""
"436","33269","7",""
"436","33270","8",""
"436","33271","8",""
"436","33272","11",""
"436","33273","14",""
"436","33274","15",""
"436","33275","17",""
"436","33276","21",""
"436","33277","23",""
"436","33278","25",""
"436","33279","27",""
"436","33280","29",""
"436","33281","32",""
"436","33282","2",""
"436","33283","3",""
"436","33284","5",""
"436","33285","7",""
"436","33286","8",""
"436","33287","8",""
"436","33288","11",""
"436","33289","11",""
"436","33290","14",""
"436","33291","17",""
"436","33292","19",""
"436","33293","19",""
"436","33294","4",""
"436","33295","2",""
"436","33296","4",""
"436","33297","5",""
"436","33298","7",""
"436","33299","9",""
"436","33300","10",""
"436","33301","14",""
"436","33302","15",""
"436","33303","16",""
"436","39392","16",""
"436","39391","18",""
"436","39389","2",""
"436","39387","3",""
"438","33415","11",""
"438","33416","2",""
"438","33417","2",""
"438","33418","5",""
"438","33419","8",""
"438","33420","11",""
"438","33421","2",""
"438","33422","5",""
"438","33423","8",""
"438","33424","11",""
"438","33425","12",""
"438","33426","2",""
"438","33427","3",""
"438","33428","5",""
"438","33429","6",""
"438","33430","8",""
"438","33431","9",""
"438","33432","10",""
"438","33433","12",""
"438","33434","13",""
"438","33435","13",""
"438","33436","14",""
"438","33437","17",""
"438","33438","19",""
"438","33439","1",""
"438","33440","2",""
"438","33441","3",""
"438","33442","4",""
"438","33443","5",""
"438","33444","5",""
"438","33385","-1","未發車"
"438","33386","-1","未發車"
"438","33387","-1","未發車"
"438","33388","-1","未發車"
"438","33389","-1","未發車"
"438","33390","-1","未發車"
"438","33391","1",""
"438","33392","4",""
"438","33393","6",""
"438","33394","7",""
"438","33395","8",""
"438","33396","8",""
"438","33397","10",""
"438","33398","10",""
"438","33399","11",""
"438","33400","12",""
"438","33401","13",""
"438","33402","16",""
"438","33403","17",""
"438","33404","19",""
"438","33405","21",""
"438","33406","3",""
"438","33407","5",""
"438","33408","9",""
"438","33409","11",""
"438","33410","1",""
"438","33411","2",""
"438","33412","5",""
"438","33413","9",""
"438","33414","10",""
"413","14001","-1","未發車"
"413","14002","-1","未發車"
"413","14003","-1","未發車"
"413","14004","4",""
"413","2383","4",""
"413","14005","7",""
"413","14006","8",""
"413","14007","9",""
"413","14008","10",""
"413","14009","11",""
"413","14010","12",""
"413","14011","13",""
"413","14012","13",""
"413","14013","15",""
"413","14014","16",""
"413","14015","17",""
"413","14016","20",""
"413","14017","22",""
"413","14018","23",""
"413","14019","27",""
"413","14020","27",""
"413","14021","28",""
"413","14022","30",""
"413","14023","31",""
"413","14024","33",""
"413","14025","33",""
"413","14026","1",""
"413","14027","3",""
"413","14028","4",""
"413","14029","6",""
"413","14030","12",""
"413","14031","12",""
"413","14032","15",""
"413","14033","17",""
"413","14034","17",""
"413","14035","21",""
"413","14036","23",""
"413","14037","25",""
"413","14038","27",""
"413","14039","1",""
"413","1547","2",""
"413","14040","3",""
"413","14041","4",""
"413","14042","6",""
"413","14043","9",""
"413","14044","10",""
"413","14045","11",""
"413","14046","11",""
"413","14047","12",""
"413","14048","14",""
"413","14049","15",""
"413","14050","16",""
"413","14051","17",""
"413","14052","19",""
"413","14053","19",""
"413","14054","2",""
"413","14055","3",""
"413","14056","4",""
"413","14057","7",""
"413","14058","8",""
"413","14059","9",""
"413","14060","10",""
